version https://git-lfs.github.com/spec/v1
oid sha256:b03949293f6b38efe2b8995bc8d414e13339991d9f03888be1a614918d5c864e
size 70592
